0.000	0.00	0.000	0.00
0.010	-5.00	-5.000	-0.05
0.021	-5.00	-4.995	-0.10
0.031	-5.00	-4.990	-0.15
0.041	-5.00	-4.985	-0.20
0.051	-5.00	-4.980	-0.25
0.061	-5.00	-4.975	-0.30
0.071	-5.00	-4.970	-0.35
0.081	-5.00	-4.965	-0.40
0.091	-5.00	-4.960	-0.45
0.102	-5.00	-4.955	-0.50
0.112	-5.00	-4.950	-0.55
0.122	-5.00	-4.945	-0.60
0.132	-5.00	-4.940	-0.65
0.142	-5.00	-4.935	-0.70
0.152	-5.00	-4.930	-0.74
0.162	-5.00	-4.926	-0.79
0.172	-5.00	-4.921	-0.84
0.182	-5.00	-4.916	-0.89
0.193	-5.00	-4.911	-0.94
0.203	-5.00	-4.906	-0.99
0.213	-5.00	-4.901	-1.04
0.223	-5.00	-4.896	-1.09
0.233	-5.00	-4.891	-1.14
0.243	-5.00	-4.886	-1.19
0.253	-5.00	-4.881	-1.24
0.263	-5.00	-4.876	-1.28
0.274	-5.00	-4.872	-1.33
0.284	-5.00	-4.867	-1.38
0.294	-5.00	-4.862	-1.43
0.304	-5.00	-4.857	-1.48
0.314	-5.00	-4.852	-1.53
0.324	-5.00	-4.847	-1.58
0.334	-5.00	-4.842	-1.62
0.344	-5.00	-4.838	-1.67
0.354	-5.00	-4.833	-1.72
0.365	-5.00	-4.828	-1.77
0.375	-5.00	-4.823	-1.82
0.385	-5.00	-4.818	-1.87
0.395	-5.00	-4.813	-1.91
0.405	-5.00	-4.809	-1.96
0.415	-5.00	-4.804	-2.01
0.425	-5.00	-4.799	-2.06
0.435	-5.00	-4.794	-2.11
0.446	-5.00	-4.789	-2.15
0.456	-5.00	-4.785	-2.20
0.466	-5.00	-4.780	-2.25
0.476	-5.00	-4.775	-2.30
0.486	-5.00	-4.770	-2.34
0.496	-5.00	-4.766	-2.39
0.506	-5.00	-4.761	-2.44
0.516	-5.00	-4.756	-2.49
0.526	-5.00	-4.751	-2.53
0.537	-5.00	-4.747	-2.58
0.547	-5.00	-4.742	-2.63
0.557	-5.00	-4.737	-2.68
0.567	-5.00	-4.732	-2.72
0.577	-5.00	-4.728	-2.77
0.587	-5.00	-4.723	-2.82
0.597	-5.00	-4.718	-2.87
0.607	-5.00	-4.713	-2.91
0.618	-5.00	-4.709	-2.96
0.628	-5.00	-4.704	-3.01
0.638	-5.00	-4.699	-3.05
0.648	-5.00	-4.695	-3.10
0.658	-5.00	-4.690	-3.15
0.668	-5.00	-4.685	-3.20
0.678	-5.00	-4.680	-3.24
0.688	-5.00	-4.676	-3.29
0.698	-5.00	-4.671	-3.34
0.709	-5.00	-4.666	-3.38
0.719	-5.00	-4.662	-3.43
0.729	-5.00	-4.657	-3.48
0.739	-5.00	-4.652	-3.52
0.749	-5.00	-4.648	-3.57
0.759	-5.00	-4.643	-3.61
0.769	-5.00	-4.639	-3.66
0.779	-5.00	-4.634	-3.71
0.790	-5.00	-4.629	-3.75
0.800	-5.00	-4.625	-3.80
0.810	-5.00	-4.620	-3.85
0.820	-5.00	-4.615	-3.89
0.830	-5.00	-4.611	-3.94
0.840	-5.00	-4.606	-3.98
0.850	-5.00	-4.602	-4.03
0.860	-5.00	-4.597	-4.08
0.870	-5.00	-4.592	-4.12
0.881	-5.00	-4.588	-4.17
0.891	-5.00	-4.583	-4.21
0.901	-5.00	-4.579	-4.26
0.911	-5.00	-4.574	-4.31
0.921	-5.00	-4.569	-4.35
0.931	-5.00	-4.565	-4.40
0.941	-5.00	-4.560	-4.44
0.951	-5.00	-4.556	-4.49
0.962	-5.00	-4.551	-4.53
0.972	-5.00	-4.547	-4.58
0.982	-5.00	-4.542	-4.62
0.992	-5.00	-4.538	-4.67
1.002	10.00	10.467	-4.57
1.012	10.00	10.457	-4.46
1.022	10.00	10.446	-4.36
1.032	10.00	10.436	-4.25
1.042	10.00	10.425	-4.15
1.053	10.00	10.415	-4.04
1.063	10.00	10.404	-3.94
1.073	10.00	10.394	-3.84
1.083	10.00	10.384	-3.73
1.093	10.00	10.373	-3.63
1.103	10.00	10.363	-3.52
1.113	10.00	10.352	-3.42
1.123	10.00	10.342	-3.32
1.134	10.00	10.332	-3.21
1.144	10.00	10.321	-3.11
1.154	10.00	10.311	-3.01
1.164	10.00	10.301	-2.90
1.174	10.00	10.290	-2.80
1.184	10.00	10.280	-2.70
1.194	10.00	10.270	-2.60
1.204	10.00	10.260	-2.49
1.214	10.00	10.249	-2.39
1.225	10.00	10.239	-2.29
1.235	10.00	10.229	-2.19
1.245	10.00	10.219	-2.08
1.255	10.00	10.208	-1.98
1.265	10.00	10.198	-1.88
1.275	10.00	10.188	-1.78
1.285	10.00	10.178	-1.68
1.295	10.00	10.168	-1.57
1.306	10.00	10.157	-1.47
1.316	10.00	10.147	-1.37
1.326	10.00	10.137	-1.27
1.336	10.00	10.127	-1.17
1.346	10.00	10.117	-1.07
1.356	10.00	10.107	-0.97
1.366	10.00	10.097	-0.87
1.376	10.00	10.087	-0.77
1.387	10.00	10.077	-0.66
1.397	10.00	10.066	-0.56
1.407	10.00	10.056	-0.46
1.417	10.00	10.046	-0.36
1.427	10.00	10.036	-0.26
1.437	10.00	10.026	-0.16
1.447	10.00	10.016	-0.06
1.457	10.00	10.006	0.04
1.467	10.00	9.996	0.14
1.478	10.00	9.986	0.24
1.488	10.00	9.976	0.34
1.498	10.00	9.966	0.44
1.508	10.00	9.956	0.54
1.518	10.00	9.946	0.64
1.528	10.00	9.936	0.74
1.538	10.00	9.926	0.84
1.548	10.00	9.916	0.93
1.559	10.00	9.907	1.03
1.569	10.00	9.897	1.13
1.579	10.00	9.887	1.23
1.589	10.00	9.877	1.33
1.599	10.00	9.867	1.43
1.609	10.00	9.857	1.53
1.619	10.00	9.847	1.63
1.629	10.00	9.837	1.72
1.639	10.00	9.828	1.82
1.650	10.00	9.818	1.92
1.660	10.00	9.808	2.02
1.670	10.00	9.798	2.12
1.680	10.00	9.788	2.21
1.690	10.00	9.779	2.31
1.700	10.00	9.769	2.41
1.710	10.00	9.759	2.51
1.720	10.00	9.749	2.61
1.731	10.00	9.739	2.70
1.741	10.00	9.730	2.80
1.751	10.00	9.720	2.90
1.761	10.00	9.710	2.99
1.771	10.00	9.701	3.09
1.781	10.00	9.691	3.19
1.791	10.00	9.681	3.28
1.801	10.00	9.672	3.38
1.812	10.00	9.662	3.48
1.822	10.00	9.652	3.57
1.832	10.00	9.643	3.67
1.842	10.00	9.633	3.77
1.852	10.00	9.623	3.86
1.862	10.00	9.614	3.96
1.872	10.00	9.604	4.06
1.882	10.00	9.594	4.15
1.892	10.00	9.585	4.25
1.903	10.00	9.575	4.34
1.913	10.00	9.566	4.44
1.923	10.00	9.556	4.53
1.933	10.00	9.547	4.63
1.943	10.00	9.537	4.73
1.953	10.00	9.527	4.82
1.963	10.00	9.518	4.92
1.973	10.00	9.508	5.01
1.984	10.00	9.499	5.11
1.994	10.00	9.489	5.20
2.004	-3.00	-3.520	5.17
2.014	-3.00	-3.517	5.13
2.024	-3.00	-3.513	5.10
2.034	-3.00	-3.510	5.06
2.044	-3.00	-3.506	5.03
2.054	-3.00	-3.503	4.99
2.064	-3.00	-3.499	4.96
2.075	-3.00	-3.496	4.92
2.085	-3.00	-3.492	4.89
2.095	-3.00	-3.489	4.85
2.105	-3.00	-3.485	4.82
2.115	-3.00	-3.482	4.78
2.125	-3.00	-3.478	4.75
2.135	-3.00	-3.475	4.71
2.145	-3.00	-3.471	4.68
2.156	-3.00	-3.468	4.64
2.166	-3.00	-3.464	4.61
2.176	-3.00	-3.461	4.57
2.186	-3.00	-3.457	4.54
2.196	-3.00	-3.454	4.50
2.206	-3.00	-3.450	4.47
2.216	-3.00	-3.447	4.43
2.226	-3.00	-3.443	4.40
2.236	-3.00	-3.440	4.37
2.247	-3.00	-3.437	4.33
2.257	-3.00	-3.433	4.30
2.267	-3.00	-3.430	4.26
2.277	-3.00	-3.426	4.23
2.287	-3.00	-3.423	4.19
2.297	-3.00	-3.419	4.16
2.307	-3.00	-3.416	4.13
2.317	-3.00	-3.413	4.09
2.328	-3.00	-3.409	4.06
2.338	-3.00	-3.406	4.02
2.348	-3.00	-3.402	3.99
2.358	-3.00	-3.399	3.96
2.368	-3.00	-3.396	3.92
2.378	-3.00	-3.392	3.89
2.388	-3.00	-3.389	3.85
2.398	-3.00	-3.385	3.82
2.408	-3.00	-3.382	3.79
2.419	-3.00	-3.379	3.75
2.429	-3.00	-3.375	3.72
2.439	-3.00	-3.372	3.68
2.449	-3.00	-3.368	3.65
2.459	-3.00	-3.365	3.62
2.469	-3.00	-3.362	3.58
2.479	-3.00	-3.358	3.55
2.489	-3.00	-3.355	3.52
2.499	-3.00	-3.352	3.48
2.510	-3.00	-3.348	3.45
2.520	-3.00	-3.345	3.42
2.530	-3.00	-3.342	3.38
2.540	-3.00	-3.338	3.35
2.550	-3.00	-3.335	3.32
2.560	-3.00	-3.332	3.28
2.570	-3.00	-3.328	3.25
2.580	-3.00	-3.325	3.22
2.591	-3.00	-3.322	3.18
2.601	-3.00	-3.318	3.15
2.611	-3.00	-3.315	3.12
2.621	-3.00	-3.312	3.08
2.631	-3.00	-3.308	3.05
2.641	-3.00	-3.305	3.02
2.651	-3.00	-3.302	2.98
2.661	-3.00	-3.298	2.95
2.671	-3.00	-3.295	2.92
2.682	-3.00	-3.292	2.89
2.692	-3.00	-3.289	2.85
2.702	-3.00	-3.285	2.82
2.712	-3.00	-3.282	2.79
2.722	-3.00	-3.279	2.75
2.732	-3.00	-3.275	2.72
2.742	-3.00	-3.272	2.69
2.752	-3.00	-3.269	2.66
2.763	-3.00	-3.266	2.62
2.773	-3.00	-3.262	2.59
2.783	-3.00	-3.259	2.56
2.793	-3.00	-3.256	2.53
2.803	-3.00	-3.253	2.49
2.813	-3.00	-3.249	2.46
2.823	-3.00	-3.246	2.43
2.833	-3.00	-3.243	2.40
2.843	-3.00	-3.240	2.36
2.854	-3.00	-3.236	2.33
2.864	-3.00	-3.233	2.30
2.874	-3.00	-3.230	2.27
2.884	-3.00	-3.227	2.23
2.894	-3.00	-3.223	2.20
2.904	-3.00	-3.220	2.17
2.914	-3.00	-3.217	2.14
2.924	-3.00	-3.214	2.11
2.934	-3.00	-3.211	2.07
2.945	-3.00	-3.207	2.04
2.955	-3.00	-3.204	2.01
2.965	-3.00	-3.201	1.98
2.975	-3.00	-3.198	1.95
2.985	-3.00	-3.195	1.91
2.995	-3.00	-3.191	1.88
3.005	7.00	6.812	1.95
3.015	7.00	6.805	2.02
3.026	7.00	6.798	2.09
3.036	7.00	6.791	2.15
3.046	7.00	6.785	2.22
3.056	7.00	6.778	2.29
3.066	7.00	6.771	2.36
3.076	7.00	6.764	2.42
3.086	7.00	6.758	2.49
3.096	7.00	6.751	2.56
3.106	7.00	6.744	2.63
3.117	7.00	6.737	2.69
3.127	7.00	6.731	2.76
3.137	7.00	6.724	2.83
3.147	7.00	6.717	2.90
3.157	7.00	6.710	2.96
3.167	7.00	6.704	3.03
3.177	7.00	6.697	3.10
3.187	7.00	6.690	3.16
3.198	7.00	6.684	3.23
3.208	7.00	6.677	3.30
3.218	7.00	6.670	3.36
3.228	7.00	6.664	3.43
3.238	7.00	6.657	3.50
3.248	7.00	6.650	3.56
3.258	7.00	6.644	3.63
3.268	7.00	6.637	3.70
3.279	7.00	6.630	3.76
3.289	7.00	6.624	3.83
3.299	7.00	6.617	3.90
3.309	7.00	6.610	3.96
3.319	7.00	6.604	4.03
3.329	7.00	6.597	4.09
3.339	7.00	6.591	4.16
3.349	7.00	6.584	4.23
3.359	7.00	6.577	4.29
3.370	7.00	6.571	4.36
3.380	7.00	6.564	4.42
3.390	7.00	6.558	4.49
3.400	7.00	6.551	4.55
3.410	7.00	6.545	4.62
3.420	7.00	6.538	4.68
3.430	7.00	6.532	4.75
3.440	7.00	6.525	4.81
3.451	7.00	6.519	4.88
3.461	7.00	6.512	4.95
3.471	7.00	6.505	5.01
3.481	7.00	6.499	5.08
3.491	7.00	6.492	5.14
3.501	7.00	6.486	5.21
3.511	7.00	6.479	5.27
3.521	7.00	6.473	5.33
3.531	7.00	6.467	5.40
3.542	7.00	6.460	5.46
3.552	7.00	6.454	5.53
3.562	7.00	6.447	5.59
3.572	7.00	6.441	5.66
3.582	7.00	6.434	5.72
3.592	7.00	6.428	5.79
3.602	7.00	6.421	5.85
3.612	7.00	6.415	5.91
3.623	7.00	6.409	5.98
3.633	7.00	6.402	6.04
3.643	7.00	6.396	6.11
3.653	7.00	6.389	6.17
3.663	7.00	6.383	6.23
3.673	7.00	6.377	6.30
3.683	7.00	6.370	6.36
3.693	7.00	6.364	6.43
3.703	7.00	6.357	6.49
3.714	7.00	6.351	6.55
3.724	7.00	6.345	6.62
3.734	7.00	6.338	6.68
3.744	7.00	6.332	6.74
3.754	7.00	6.326	6.81
3.764	7.00	6.319	6.87
3.774	7.00	6.313	6.93
3.784	7.00	6.307	7.00
3.795	7.00	6.300	7.06
3.805	7.00	6.294	7.12
3.815	7.00	6.288	7.18
3.825	7.00	6.282	7.25
3.835	7.00	6.275	7.31
3.845	7.00	6.269	7.37
3.855	7.00	6.263	7.43
3.865	7.00	6.257	7.50
3.875	7.00	6.250	7.56
3.886	7.00	6.244	7.62
3.896	7.00	6.238	7.68
3.906	7.00	6.232	7.75
3.916	7.00	6.225	7.81
3.926	7.00	6.219	7.87
3.936	7.00	6.213	7.93
3.946	7.00	6.207	8.00
3.956	7.00	6.200	8.06
3.967	7.00	6.194	8.12
3.977	7.00	6.188	8.18
3.987	7.00	6.182	8.24
3.997	7.00	6.176	8.31
4.007	5.00	4.169	8.35
4.017	5.00	4.165	8.39
4.027	5.00	4.161	8.43
4.037	5.00	4.157	8.47
4.047	5.00	4.153	8.51
4.058	5.00	4.149	8.55
4.068	5.00	4.145	8.60
4.078	5.00	4.140	8.64
4.088	5.00	4.136	8.68
4.098	5.00	4.132	8.72
4.108	5.00	4.128	8.76
4.118	5.00	4.124	8.80
4.128	5.00	4.120	8.84
4.139	5.00	4.116	8.88
4.149	5.00	4.112	8.93
4.159	5.00	4.107	8.97
4.169	5.00	4.103	9.01
4.179	5.00	4.099	9.05
4.189	5.00	4.095	9.09
4.199	5.00	4.091	9.13
4.209	5.00	4.087	9.17
4.219	5.00	4.083	9.21
4.230	5.00	4.079	9.25
4.240	5.00	4.075	9.29
4.250	5.00	4.071	9.33
4.260	5.00	4.067	9.38
4.270	5.00	4.062	9.42
4.280	5.00	4.058	9.46
4.290	5.00	4.054	9.50
4.300	5.00	4.050	9.54
4.311	5.00	4.046	9.58
4.321	5.00	4.042	9.62
4.331	5.00	4.038	9.66
4.341	5.00	4.034	9.70
4.351	5.00	4.030	9.74
4.361	5.00	4.026	9.78
4.371	5.00	4.022	9.82
4.381	5.00	4.018	9.86
4.391	5.00	4.014	9.90
4.402	5.00	4.010	9.94
4.412	5.00	4.006	9.98
4.422	5.00	4.002	10.02
4.432	5.00	3.998	10.06
4.442	5.00	3.994	10.10
4.452	5.00	3.990	10.14
4.462	5.00	3.986	10.18
4.472	5.00	3.982	10.22
4.483	5.00	3.978	10.26
4.493	5.00	3.974	10.30
4.503	5.00	3.970	10.34
4.513	5.00	3.966	10.38
4.523	5.00	3.962	10.42
4.533	5.00	3.958	10.46
4.543	5.00	3.954	10.50
4.553	5.00	3.950	10.54
4.563	5.00	3.946	10.58
4.574	5.00	3.942	10.62
4.584	5.00	3.938	10.66
4.594	5.00	3.934	10.70
4.604	5.00	3.930	10.73
4.614	5.00	3.927	10.77
4.624	5.00	3.923	10.81
4.635	5.00	3.919	10.85
4.645	5.00	3.915	10.89
4.655	5.00	3.911	10.93
4.665	5.00	3.907	10.97
4.675	5.00	3.903	11.01
